int MapJ[60*80]={
1,2,3,4,5,6,7,8,9,10,11,12,13,14,15,16,17,18,19,20,21,22,23,24,25,26,27,28,29,30,31,32,33,34,35,36,37,38,39,40,41,42,43,44,45,46,47,48,49,50,51,52,53,54,55,56,57,58,59,60,61,62,63,64,65,66,67,68,69,70,71,72,73,74,75,76,77,78,79,255,
255,1,2,3,4,5,6,7,8,9,10,11,12,13,14,15,16,17,18,19,20,21,22,23,24,25,26,27,28,29,30,31,32,33,34,35,36,37,38,39,41,42,43,44,45,46,47,48,49,50,51,52,53,54,55,56,57,58,59,60,61,62,63,64,65,66,67,68,69,70,71,72,73,74,75,76,77,78,255,255,
255,0,1,2,3,4,5,7,8,9,10,11,12,13,14,15,16,17,18,19,20,21,22,23,24,25,26,27,28,29,30,31,32,33,34,35,36,37,38,39,41,42,43,44,45,46,47,48,49,50,51,52,53,54,55,56,57,58,59,60,61,62,63,64,65,66,67,68,69,70,71,72,73,75,76,77,78,79,255,255,
255,255,1,2,3,4,5,6,7,8,9,10,11,12,13,14,15,16,18,19,20,21,22,23,24,25,26,27,28,29,30,31,32,33,34,35,36,37,38,39,41,42,43,44,45,46,47,48,49,50,51,52,53,54,55,56,57,58,59,60,61,62,64,65,66,67,68,69,70,71,72,73,74,75,76,77,78,255,255,255,
255,255,0,1,2,3,4,5,7,8,9,10,11,12,13,14,15,16,17,18,19,20,21,22,24,25,26,27,28,29,30,31,32,33,34,35,36,37,38,39,41,42,43,44,45,46,47,48,49,50,51,52,53,54,55,56,58,59,60,61,62,63,64,65,66,67,68,69,70,71,72,73,75,76,77,78,79,255,255,255,
255,255,255,1,2,3,4,5,6,7,8,9,10,11,12,14,15,16,17,18,19,20,21,22,23,24,25,27,28,29,30,31,32,33,34,35,36,37,38,39,41,42,43,44,45,46,47,48,49,50,51,52,53,55,56,57,58,59,60,61,62,63,64,65,66,68,69,70,71,72,73,74,75,76,77,78,255,255,255,255,
255,255,255,255,1,2,3,4,5,7,8,9,10,11,12,13,14,15,16,18,19,20,21,22,23,24,25,26,27,28,30,31,32,33,34,35,36,37,38,39,41,42,43,44,45,46,47,48,49,50,52,53,54,55,56,57,58,59,60,61,62,64,65,66,67,68,69,70,71,72,73,75,76,77,78,79,255,255,255,255,
255,255,255,255,0,2,3,4,5,6,7,8,9,10,12,13,14,15,16,17,18,19,20,22,23,24,25,26,27,28,29,31,32,33,34,35,36,37,38,39,41,42,43,44,45,46,47,48,49,51,52,53,54,55,56,57,58,60,61,62,63,64,65,66,67,68,70,71,72,73,74,75,76,77,78,255,255,255,255,255,
255,255,255,255,255,1,2,3,4,5,7,8,9,10,11,12,13,14,16,17,18,19,20,21,22,24,25,26,27,28,29,30,31,33,34,35,36,37,38,39,41,42,43,44,45,46,47,49,50,51,52,53,54,55,56,58,59,60,61,62,63,64,66,67,68,69,70,71,72,73,75,76,77,78,255,255,255,255,255,255,
255,255,255,255,255,0,1,3,4,5,6,7,8,9,11,12,13,14,15,16,18,19,20,21,22,23,24,26,27,28,29,30,31,33,34,35,36,37,38,39,41,42,43,44,45,46,47,49,50,51,52,53,54,56,57,58,59,60,61,62,64,65,66,67,68,69,71,72,73,74,75,76,77,79,255,255,255,255,255,255,
255,255,255,255,255,255,1,2,3,4,5,7,8,9,10,11,12,14,15,16,17,18,19,21,22,23,24,25,27,28,29,30,31,32,34,35,36,37,38,39,41,42,43,44,45,46,48,49,50,51,52,53,55,56,57,58,59,61,62,63,64,65,66,68,69,70,71,72,73,75,76,77,78,255,255,255,255,255,255,255,
255,255,255,255,255,255,255,1,2,4,5,6,7,8,10,11,12,13,14,16,17,18,19,20,21,23,24,25,26,27,29,30,31,32,33,35,36,37,38,39,41,42,43,44,45,47,48,49,50,51,53,54,55,56,57,59,60,61,62,63,64,66,67,68,69,70,72,73,74,75,76,78,79,255,255,255,255,255,255,255,
255,255,255,255,255,255,255,0,2,3,4,5,7,8,9,10,11,13,14,15,16,18,19,20,21,22,24,25,26,27,28,30,31,32,33,35,36,37,38,39,41,42,43,44,45,47,48,49,50,52,53,54,55,56,58,59,60,61,62,64,65,66,67,69,70,71,72,73,75,76,77,78,255,255,255,255,255,255,255,255,
255,255,255,255,255,255,255,255,1,2,3,5,6,7,8,10,11,12,13,15,16,17,18,20,21,22,23,25,26,27,28,29,31,32,33,34,36,37,38,39,41,42,43,44,46,47,48,49,51,52,53,54,55,57,58,59,60,62,63,64,65,67,68,69,70,72,73,74,75,77,78,255,255,255,255,255,255,255,255,255,
255,255,255,255,255,255,255,255,0,2,3,4,5,7,8,9,10,12,13,14,15,17,18,19,20,22,23,24,25,27,28,29,31,32,33,34,36,37,38,39,41,42,43,44,46,47,48,49,51,52,53,55,56,57,58,60,61,62,63,65,66,67,68,70,71,72,73,75,76,77,78,255,255,255,255,255,255,255,255,255,
255,255,255,255,255,255,255,255,255,1,2,3,5,6,7,9,10,11,12,14,15,16,18,19,20,21,23,24,25,27,28,29,30,32,33,34,36,37,38,39,41,42,43,44,46,47,48,50,51,52,53,55,56,57,59,60,61,62,64,65,66,68,69,70,71,73,74,75,77,78,255,255,255,255,255,255,255,255,255,255,
255,255,255,255,255,255,255,255,255,0,1,3,4,5,7,8,9,11,12,13,14,16,17,18,20,21,22,24,25,26,28,29,30,31,33,34,35,37,38,39,41,42,43,45,46,47,49,50,51,52,54,55,56,58,59,60,62,63,64,66,67,68,69,71,72,73,75,76,77,79,255,255,255,255,255,255,255,255,255,255,
255,255,255,255,255,255,255,255,255,255,1,2,3,5,6,7,9,10,11,13,14,15,17,18,19,21,22,23,25,26,27,29,30,31,33,34,35,37,38,39,41,42,43,45,46,47,49,50,51,53,54,55,57,58,59,61,62,63,65,66,67,69,70,71,73,74,75,77,78,255,255,255,255,255,255,255,255,255,255,255,
255,255,255,255,255,255,255,255,255,255,255,1,3,4,5,7,8,9,11,12,13,15,16,18,19,20,22,23,24,26,27,28,30,31,33,34,35,37,38,39,41,42,43,45,46,47,49,50,52,53,54,56,57,58,60,61,62,64,65,67,68,69,71,72,73,75,76,77,79,255,255,255,255,255,255,255,255,255,255,255,
255,255,255,255,255,255,255,255,255,255,255,0,2,3,5,6,7,9,10,11,13,14,16,17,18,20,21,23,24,25,27,28,30,31,32,34,35,37,38,39,41,42,43,45,46,48,49,50,52,53,55,56,57,59,60,62,63,64,66,67,69,70,71,73,74,75,77,78,255,255,255,255,255,255,255,255,255,255,255,255,
255,255,255,255,255,255,255,255,255,255,255,255,1,2,4,5,7,8,9,11,12,14,15,17,18,19,21,22,24,25,27,28,29,31,32,34,35,36,38,39,41,42,44,45,46,48,49,51,52,53,55,56,58,59,61,62,63,65,66,68,69,71,72,73,75,76,78,255,255,255,255,255,255,255,255,255,255,255,255,255,
255,255,255,255,255,255,255,255,255,255,255,255,0,2,3,4,6,7,9,10,12,13,15,16,18,19,20,22,23,25,26,28,29,31,32,33,35,36,38,39,41,42,44,45,47,48,49,51,52,54,55,57,58,60,61,62,64,65,67,68,70,71,73,74,76,77,78,255,255,255,255,255,255,255,255,255,255,255,255,255,
255,255,255,255,255,255,255,255,255,255,255,255,255,1,2,4,5,7,8,10,11,13,14,16,17,18,20,21,23,24,26,27,29,30,32,33,35,36,38,39,41,42,44,45,47,48,50,51,53,54,56,57,59,60,62,63,64,66,67,69,70,72,73,75,76,78,255,255,255,255,255,255,255,255,255,255,255,255,255,255,
255,255,255,255,255,255,255,255,255,255,255,255,255,255,1,3,4,6,7,9,10,12,13,15,17,18,20,21,23,24,26,27,29,30,32,33,35,36,38,39,41,42,44,45,47,48,50,51,53,54,56,57,59,60,62,63,65,67,68,70,71,73,74,76,77,79,255,255,255,255,255,255,255,255,255,255,255,255,255,255,
255,255,255,255,255,255,255,255,255,255,255,255,255,255,0,2,4,5,7,8,10,11,13,14,16,18,19,21,22,24,25,27,28,30,31,33,35,36,38,39,41,42,44,45,47,49,50,52,53,55,56,58,59,61,62,64,66,67,69,70,72,73,75,76,78,255,255,255,255,255,255,255,255,255,255,255,255,255,255,255,
255,255,255,255,255,255,255,255,255,255,255,255,255,255,255,1,3,4,6,7,9,11,12,14,15,17,19,20,22,23,25,27,28,30,31,33,34,36,38,39,41,42,44,46,47,49,50,52,53,55,57,58,60,61,63,65,66,68,69,71,73,74,76,77,79,255,255,255,255,255,255,255,255,255,255,255,255,255,255,255,
255,255,255,255,255,255,255,255,255,255,255,255,255,255,255,0,2,3,5,7,8,10,12,13,15,16,18,20,21,23,25,26,28,29,31,33,34,36,38,39,41,42,44,46,47,49,51,52,54,55,57,59,60,62,64,65,67,68,70,72,73,75,77,78,255,255,255,255,255,255,255,255,255,255,255,255,255,255,255,255,
255,255,255,255,255,255,255,255,255,255,255,255,255,255,255,255,1,3,4,6,8,9,11,13,14,16,18,19,21,23,24,26,28,29,31,33,34,36,38,39,41,42,44,46,47,49,51,52,54,56,57,59,61,62,64,66,67,69,71,72,74,76,77,255,255,255,255,255,255,255,255,255,255,255,255,255,255,255,255,255,
255,255,255,255,255,255,255,255,255,255,255,255,255,255,255,255,255,2,3,5,7,8,10,12,14,15,17,19,20,22,24,25,27,29,31,32,34,36,37,39,41,43,44,46,48,49,51,53,55,56,58,60,61,63,65,66,68,70,72,73,75,77,78,255,255,255,255,255,255,255,255,255,255,255,255,255,255,255,255,255,
255,255,255,255,255,255,255,255,255,255,255,255,255,255,255,255,255,1,2,4,6,8,9,11,13,15,16,18,20,22,23,25,27,29,30,32,34,36,37,39,41,43,44,46,48,50,51,53,55,57,58,60,62,64,65,67,69,71,72,74,76,78,255,255,255,255,255,255,255,255,255,255,255,255,255,255,255,255,255,255,
255,255,255,255,255,255,255,255,255,255,255,255,255,255,255,255,255,255,1,3,5,7,9,10,12,14,16,18,19,21,23,25,27,28,30,32,34,36,37,39,41,43,44,46,48,50,52,53,55,57,59,61,62,64,66,68,70,71,73,75,77,79,255,255,255,255,255,255,255,255,255,255,255,255,255,255,255,255,255,255,
255,255,255,255,255,255,255,255,255,255,255,255,255,255,255,255,255,255,0,2,4,6,8,10,11,13,15,17,19,21,22,24,26,28,30,32,34,35,37,39,41,43,45,46,48,50,52,54,56,58,59,61,63,65,67,69,70,72,74,76,78,255,255,255,255,255,255,255,255,255,255,255,255,255,255,255,255,255,255,255,
255,255,255,255,255,255,255,255,255,255,255,255,255,255,255,255,255,255,255,1,3,5,7,9,11,12,14,16,18,20,22,24,26,28,30,31,33,35,37,39,41,43,45,47,49,50,52,54,56,58,60,62,64,66,68,69,71,73,75,77,79,255,255,255,255,255,255,255,255,255,255,255,255,255,255,255,255,255,255,255,
255,255,255,255,255,255,255,255,255,255,255,255,255,255,255,255,255,255,255,255,2,4,6,8,10,12,14,16,18,19,21,23,25,27,29,31,33,35,37,39,41,43,45,47,49,51,53,55,57,59,61,62,64,66,68,70,72,74,76,78,255,255,255,255,255,255,255,255,255,255,255,255,255,255,255,255,255,255,255,255,
255,255,255,255,255,255,255,255,255,255,255,255,255,255,255,255,255,255,255,255,1,3,5,7,9,11,13,15,17,19,21,23,25,27,29,31,33,35,37,39,41,43,45,47,49,51,53,55,57,59,61,63,65,67,69,71,73,75,77,255,255,255,255,255,255,255,255,255,255,255,255,255,255,255,255,255,255,255,255,255,
255,255,255,255,255,255,255,255,255,255,255,255,255,255,255,255,255,255,255,255,255,2,4,6,8,10,12,14,16,18,20,22,24,27,29,31,33,35,37,39,41,43,45,47,49,51,53,56,58,60,62,64,66,68,70,72,74,76,78,255,255,255,255,255,255,255,255,255,255,255,255,255,255,255,255,255,255,255,255,255,
255,255,255,255,255,255,255,255,255,255,255,255,255,255,255,255,255,255,255,255,255,0,3,5,7,9,11,13,15,18,20,22,24,26,28,30,33,35,37,39,41,43,45,47,50,52,54,56,58,60,62,65,67,69,71,73,75,77,255,255,255,255,255,255,255,255,255,255,255,255,255,255,255,255,255,255,255,255,255,255,
255,255,255,255,255,255,255,255,255,255,255,255,255,255,255,255,255,255,255,255,255,255,1,4,6,8,10,12,15,17,19,21,23,26,28,30,32,34,37,39,41,43,46,48,50,52,54,57,59,61,63,65,68,70,72,74,76,79,255,255,255,255,255,255,255,255,255,255,255,255,255,255,255,255,255,255,255,255,255,255,
255,255,255,255,255,255,255,255,255,255,255,255,255,255,255,255,255,255,255,255,255,255,0,2,5,7,9,11,14,16,18,21,23,25,27,30,32,34,37,39,41,43,46,48,50,53,55,57,59,62,64,66,69,71,73,75,78,255,255,255,255,255,255,255,255,255,255,255,255,255,255,255,255,255,255,255,255,255,255,255,
255,255,255,255,255,255,255,255,255,255,255,255,255,255,255,255,255,255,255,255,255,255,255,1,3,6,8,10,13,15,18,20,22,25,27,29,32,34,36,39,41,44,46,48,51,53,55,58,60,62,65,67,70,72,74,77,255,255,255,255,255,255,255,255,255,255,255,255,255,255,255,255,255,255,255,255,255,255,255,255,
255,255,255,255,255,255,255,255,255,255,255,255,255,255,255,255,255,255,255,255,255,255,255,255,2,4,7,9,12,14,17,19,22,24,27,29,31,34,36,39,41,44,46,49,51,53,56,58,61,63,66,68,71,73,76,78,255,255,255,255,255,255,255,255,255,255,255,255,255,255,255,255,255,255,255,255,255,255,255,255,
255,255,255,255,255,255,255,255,255,255,255,255,255,255,255,255,255,255,255,255,255,255,255,255,1,3,6,8,11,13,16,18,21,23,26,29,31,34,36,39,41,44,46,49,51,54,57,59,62,64,67,69,72,74,77,255,255,255,255,255,255,255,255,255,255,255,255,255,255,255,255,255,255,255,255,255,255,255,255,255,
255,255,255,255,255,255,255,255,255,255,255,255,255,255,255,255,255,255,255,255,255,255,255,255,255,2,4,7,10,12,15,18,20,23,25,28,31,33,36,39,41,44,47,49,52,55,57,60,62,65,68,70,73,76,78,255,255,255,255,255,255,255,255,255,255,255,255,255,255,255,255,255,255,255,255,255,255,255,255,255,
255,255,255,255,255,255,255,255,255,255,255,255,255,255,255,255,255,255,255,255,255,255,255,255,255,0,3,6,8,11,14,17,19,22,25,28,30,33,36,39,41,44,47,50,52,55,58,61,63,66,69,72,74,77,255,255,255,255,255,255,255,255,255,255,255,255,255,255,255,255,255,255,255,255,255,255,255,255,255,255,
255,255,255,255,255,255,255,255,255,255,255,255,255,255,255,255,255,255,255,255,255,255,255,255,255,255,1,4,7,10,13,16,18,21,24,27,30,33,36,39,41,44,47,50,53,56,59,62,64,67,70,73,76,79,255,255,255,255,255,255,255,255,255,255,255,255,255,255,255,255,255,255,255,255,255,255,255,255,255,255,
255,255,255,255,255,255,255,255,255,255,255,255,255,255,255,255,255,255,255,255,255,255,255,255,255,255,255,3,6,9,12,15,18,21,24,27,30,33,36,39,41,44,47,50,53,56,59,62,65,68,71,74,77,255,255,255,255,255,255,255,255,255,255,255,255,255,255,255,255,255,255,255,255,255,255,255,255,255,255,255,
255,255,255,255,255,255,255,255,255,255,255,255,255,255,255,255,255,255,255,255,255,255,255,255,255,255,255,1,4,7,10,13,17,20,23,26,29,32,35,38,42,45,48,51,54,57,60,63,67,70,73,76,255,255,255,255,255,255,255,255,255,255,255,255,255,255,255,255,255,255,255,255,255,255,255,255,255,255,255,255,
255,255,255,255,255,255,255,255,255,255,255,255,255,255,255,255,255,255,255,255,255,255,255,255,255,255,255,255,2,6,9,12,15,19,22,25,29,32,35,38,42,45,48,51,55,58,61,65,68,71,74,78,255,255,255,255,255,255,255,255,255,255,255,255,255,255,255,255,255,255,255,255,255,255,255,255,255,255,255,255,
255,255,255,255,255,255,255,255,255,255,255,255,255,255,255,255,255,255,255,255,255,255,255,255,255,255,255,255,0,4,7,11,14,18,21,24,28,31,35,38,42,45,49,52,56,59,62,66,69,73,76,255,255,255,255,255,255,255,255,255,255,255,255,255,255,255,255,255,255,255,255,255,255,255,255,255,255,255,255,255,
255,255,255,255,255,255,255,255,255,255,255,255,255,255,255,255,255,255,255,255,255,255,255,255,255,255,255,255,255,2,5,9,13,16,20,24,27,31,35,38,42,45,49,53,56,60,64,67,71,75,78,255,255,255,255,255,255,255,255,255,255,255,255,255,255,255,255,255,255,255,255,255,255,255,255,255,255,255,255,255,
255,255,255,255,255,255,255,255,255,255,255,255,255,255,255,255,255,255,255,255,255,255,255,255,255,255,255,255,255,255,3,7,11,15,19,23,27,30,34,38,42,46,50,53,57,61,65,69,73,77,255,255,255,255,255,255,255,255,255,255,255,255,255,255,255,255,255,255,255,255,255,255,255,255,255,255,255,255,255,255,
255,255,255,255,255,255,255,255,255,255,255,255,255,255,255,255,255,255,255,255,255,255,255,255,255,255,255,255,255,255,1,5,9,13,18,22,26,30,34,38,42,46,50,54,58,62,67,71,75,79,255,255,255,255,255,255,255,255,255,255,255,255,255,255,255,255,255,255,255,255,255,255,255,255,255,255,255,255,255,255,
255,255,255,255,255,255,255,255,255,255,255,255,255,255,255,255,255,255,255,255,255,255,255,255,255,255,255,255,255,255,255,3,7,12,16,20,25,29,33,38,42,47,51,55,60,64,68,73,77,255,255,255,255,255,255,255,255,255,255,255,255,255,255,255,255,255,255,255,255,255,255,255,255,255,255,255,255,255,255,255,
255,255,255,255,255,255,255,255,255,255,255,255,255,255,255,255,255,255,255,255,255,255,255,255,255,255,255,255,255,255,255,1,5,10,14,19,24,28,33,38,42,47,52,56,61,66,70,75,255,255,255,255,255,255,255,255,255,255,255,255,255,255,255,255,255,255,255,255,255,255,255,255,255,255,255,255,255,255,255,255,
255,255,255,255,255,255,255,255,255,255,255,255,255,255,255,255,255,255,255,255,255,255,255,255,255,255,255,255,255,255,255,255,3,8,13,18,23,28,33,38,42,47,52,57,62,67,72,77,255,255,255,255,255,255,255,255,255,255,255,255,255,255,255,255,255,255,255,255,255,255,255,255,255,255,255,255,255,255,255,255,
255,255,255,255,255,255,255,255,255,255,255,255,255,255,255,255,255,255,255,255,255,255,255,255,255,255,255,255,255,255,255,255,255,5,10,16,21,27,32,37,43,48,53,59,64,70,75,255,255,255,255,255,255,255,255,255,255,255,255,255,255,255,255,255,255,255,255,255,255,255,255,255,255,255,255,255,255,255,255,255,
255,255,255,255,255,255,255,255,255,255,255,255,255,255,255,255,255,255,255,255,255,255,255,255,255,255,255,255,255,255,255,255,255,2,8,14,20,25,31,37,43,49,55,60,66,72,78,255,255,255,255,255,255,255,255,255,255,255,255,255,255,255,255,255,255,255,255,255,255,255,255,255,255,255,255,255,255,255,255,255,
255,255,255,255,255,255,255,255,255,255,255,255,255,255,255,255,255,255,255,255,255,255,255,255,255,255,255,255,255,255,255,255,255,255,5,11,18,24,30,37,43,50,56,62,69,75,255,255,255,255,255,255,255,255,255,255,255,255,255,255,255,255,255,255,255,255,255,255,255,255,255,255,255,255,255,255,255,255,255,255,
255,255,255,255,255,255,255,255,255,255,255,255,255,255,255,255,255,255,255,255,255,255,255,255,255,255,255,255,255,255,255,255,255,255,1,8,15,22,29,36,44,51,58,65,72,79,255,255,255,255,255,255,255,255,255,255,255,255,255,255,255,255,255,255,255,255,255,255,255,255,255,255,255,255,255,255,255,255,255,255,
255,255,255,255,255,255,255,255,255,255,255,255,255,255,255,255,255,255,255,255,255,255,255,255,255,255,255,255,255,255,255,255,255,255,255,5,12,20,28,36,44,52,60,68,75,255,255,255,255,255,255,255,255,255,255,255,255,255,255,255,255,255,255,255,255,255,255,255,255,255,255,255,255,255,255,255,255,255,255,255,};
uint8 LeftBorder[60]={1,2,3,3,4,4,5,5,6,6,7,8,8,9,9,10,10,11,11,12,13,13,14,14,15,15,16,16,17,18,18,19,19,20,20,21,21,21,23,23,24,24,25,25,25,25,25,28,28,29,29,29,29,29,29,29,33,33,33,33,};
uint8 RightBorder[60]={76,76,75,75,74,74,73,73,72,72,71,71,70,69,69,68,68,67,67,66,66,65,65,64,64,63,62,62,61,61,60,60,59,59,58,58,57,57,57,55,55,54,54,53,53,52,52,52,52,52,49,49,48,48,47,47,47,47,47,47,};
